------------------------------------------------------------------------------
RESULTS FOR THE UNIFORMITY OF P-VALUES AND THE PROPORTION OF PASSING SEQUENCES
------------------------------------------------------------------------------
   generator is </mnt/d/Aditya/qrngdownload_x64/test.bin>
------------------------------------------------------------------------------
 C1  C2  C3  C4  C5  C6  C7  C8  C9 C10  P-VALUE  PROPORTION  STATISTICAL TEST
------------------------------------------------------------------------------
514 484 515 481 476 514 524 465 517 510  0.534146   4953/5000    Frequency
502 504 491 500 490 461 511 523 517 501  0.805199   4955/5000    BlockFrequency
518 511 485 456 529 490 499 479 504 529  0.375990   4959/5000    CumulativeSums
513 524 476 504 468 503 483 500 529 500  0.637119   4949/5000    CumulativeSums
504 465 525 508 539 508 504 525 473 449  0.091708   4944/5000    Runs
487 505 509 476 496 470 511 492 536 518  0.622130   4940/5000    LongestRun
487 608 461 462 538 459 601 443 468 473  0.000000 * 4947/5000    Rank
560 471 511 444 489 494 515 548 435 533  0.000253   4927/5000 *  FFT
508 496 513 507 481 506 470 505 519 495  0.910621   4950/5000    NonOverlappingTemplate
485 499 477 472 508 552 494 472 517 524  0.214213   4949/5000    NonOverlappingTemplate
491 497 505 517 506 453 526 486 491 528  0.458581   4949/5000    NonOverlappingTemplate
496 477 509 459 517 520 499 524 504 495  0.613395   4946/5000    NonOverlappingTemplate
472 509 502 512 524 518 498 489 460 516  0.555644   4958/5000    NonOverlappingTemplate
515 439 491 533 481 501 535 518 478 509  0.086004   4942/5000    NonOverlappingTemplate
501 497 478 498 466 515 518 504 508 515  0.832911   4937/5000    NonOverlappingTemplate
536 510 499 536 501 458 482 490 501 487  0.342132   4950/5000    NonOverlappingTemplate
544 479 474 482 504 512 501 463 516 525  0.238281   4937/5000    NonOverlappingTemplate
509 486 481 470 510 526 484 523 503 508  0.705056   4937/5000    NonOverlappingTemplate
498 493 519 489 499 545 480 462 511 504  0.429557   4953/5000    NonOverlappingTemplate
515 469 476 489 499 522 516 528 501 485  0.609239   4951/5000    NonOverlappingTemplate
476 434 543 529 538 524 480 487 500 489  0.014229   4951/5000    NonOverlappingTemplate
520 481 526 464 528 515 520 485 472 489  0.308264   4940/5000    NonOverlappingTemplate
515 485 496 496 514 507 489 506 521 471  0.888235   4947/5000    NonOverlappingTemplate
485 487 470 532 512 503 520 521 490 480  0.572436   4938/5000    NonOverlappingTemplate
503 482 530 477 475 467 485 516 532 533  0.205531   4953/5000    NonOverlappingTemplate
459 491 500 518 504 473 525 502 536 492  0.380407   4958/5000    NonOverlappingTemplate
513 482 491 544 515 467 487 519 509 473  0.324590   4950/5000    NonOverlappingTemplate
487 470 543 500 501 511 490 506 491 501  0.687368   4946/5000    NonOverlappingTemplate
507 462 483 485 519 511 489 499 555 490  0.244737   4937/5000    NonOverlappingTemplate
481 517 527 476 487 505 523 480 479 525  0.505404   4936/5000    NonOverlappingTemplate
502 504 507 515 495 525 518 493 475 466  0.720153   4948/5000    NonOverlappingTemplate
490 526 482 470 501 507 491 532 482 519  0.566688   4956/5000    NonOverlappingTemplate
473 478 518 512 525 489 512 518 467 508  0.524501   4942/5000    NonOverlappingTemplate
492 496 537 498 510 484 511 492 503 477  0.828694   4936/5000    NonOverlappingTemplate
538 501 496 461 506 511 498 463 501 525  0.328607   4938/5000    NonOverlappingTemplate
494 485 507 496 509 469 531 522 518 469  0.514521   4942/5000    NonOverlappingTemplate
482 455 513 518 499 544 521 502 498 468  0.186363   4940/5000    NonOverlappingTemplate
495 509 508 473 495 515 474 485 533 513  0.677029   4955/5000    NonOverlappingTemplate
520 489 453 513 494 471 509 524 492 535  0.246498   4938/5000    NonOverlappingTemplate
511 500 488 514 514 458 501 514 514 486  0.737915   4948/5000    NonOverlappingTemplate
508 510 484 528 492 498 465 495 522 498  0.737915   4939/5000    NonOverlappingTemplate
470 491 521 511 481 520 508 532 480 486  0.536567   4953/5000    NonOverlappingTemplate
499 499 494 500 494 473 538 507 496 500  0.865777   4934/5000    NonOverlappingTemplate
483 464 491 501 500 548 485 533 517 478  0.206849   4955/5000    NonOverlappingTemplate
499 494 501 524 461 474 528 503 508 508  0.588927   4945/5000    NonOverlappingTemplate
536 481 503 518 523 511 487 493 493 455  0.361607   4948/5000    NonOverlappingTemplate
491 466 488 489 498 562 506 514 503 483  0.227180   4931/5000    NonOverlappingTemplate
493 483 494 481 509 525 525 500 500 490  0.888235   4959/5000    NonOverlappingTemplate
528 532 503 486 470 513 501 499 442 526  0.113773   4951/5000    NonOverlappingTemplate
494 509 515 499 549 495 496 478 497 468  0.474601   4955/5000    NonOverlappingTemplate
477 523 507 526 522 527 463 475 480 500  0.291091   4942/5000    NonOverlappingTemplate
495 466 483 540 482 512 533 492 525 472  0.202268   4946/5000    NonOverlappingTemplate
548 462 482 479 533 513 508 475 468 532  0.048466   4927/5000 *  NonOverlappingTemplate
500 498 467 489 521 518 503 515 482 507  0.819064   4939/5000    NonOverlappingTemplate
486 514 504 483 521 501 513 482 493 503  0.947308   4940/5000    NonOverlappingTemplate
488 496 468 481 504 551 491 510 503 508  0.452925   4939/5000    NonOverlappingTemplate
518 536 477 542 519 513 461 430 506 498  0.009508   4938/5000    NonOverlappingTemplate
491 454 480 475 510 521 506 535 506 522  0.269725   4946/5000    NonOverlappingTemplate
496 450 517 492 545 496 469 537 506 492  0.100109   4946/5000    NonOverlappingTemplate
495 499 487 479 468 479 586 513 511 483  0.016997   4959/5000    NonOverlappingTemplate
514 493 478 513 551 488 461 510 488 504  0.286272   4952/5000    NonOverlappingTemplate
484 458 490 482 528 543 503 473 519 520  0.155848   4951/5000    NonOverlappingTemplate
507 450 525 487 505 513 535 480 484 514  0.260404   4948/5000    NonOverlappingTemplate
511 494 539 504 477 502 496 486 500 491  0.830808   4958/5000    NonOverlappingTemplate
510 474 464 528 485 523 524 505 487 500  0.459717   4939/5000    NonOverlappingTemplate
501 505 483 482 530 511 490 514 498 486  0.889704   4960/5000    NonOverlappingTemplate
480 476 497 503 528 464 499 504 545 504  0.329539   4957/5000    NonOverlappingTemplate
511 485 499 503 515 482 479 517 501 508  0.946308   4941/5000    NonOverlappingTemplate
475 477 482 502 510 503 500 523 510 518  0.826571   4940/5000    NonOverlappingTemplate
487 490 472 476 481 525 510 513 524 522  0.545471   4933/5000    NonOverlappingTemplate
529 501 506 508 471 494 483 509 483 516  0.791754   4941/5000    NonOverlappingTemplate
499 477 483 501 522 493 473 505 530 517  0.679514   4947/5000    NonOverlappingTemplate
508 497 469 459 503 486 508 530 550 490  0.164060   4945/5000    NonOverlappingTemplate
485 485 488 511 482 528 501 531 515 474  0.598449   4938/5000    NonOverlappingTemplate
491 518 493 528 513 475 486 454 509 533  0.273795   4948/5000    NonOverlappingTemplate
501 481 492 548 518 525 478 521 473 463  0.145161   4942/5000    NonOverlappingTemplate
473 491 491 499 519 518 487 506 504 512  0.918880   4951/5000    NonOverlappingTemplate
520 483 510 491 492 537 504 483 527 453  0.269456   4938/5000    NonOverlappingTemplate
489 470 514 527 483 506 485 514 517 495  0.738717   4945/5000    NonOverlappingTemplate
505 521 461 464 500 516 520 501 515 497  0.499492   4948/5000    NonOverlappingTemplate
478 521 485 498 488 495 509 509 516 501  0.941988   4956/5000    NonOverlappingTemplate
495 503 490 511 514 496 491 515 480 505  0.983551   4947/5000    NonOverlappingTemplate
511 489 519 505 483 507 466 502 522 496  0.811811   4951/5000    NonOverlappingTemplate
483 515 477 479 459 538 465 498 556 530  0.019533   4956/5000    NonOverlappingTemplate
493 517 494 478 527 487 471 478 531 524  0.415781   4933/5000    NonOverlappingTemplate
527 480 511 501 479 486 509 489 512 506  0.872425   4948/5000    NonOverlappingTemplate
472 478 517 528 519 486 502 465 546 487  0.170733   4958/5000    NonOverlappingTemplate
489 509 502 500 487 527 510 501 510 465  0.829047   4939/5000    NonOverlappingTemplate
486 510 477 480 548 484 472 501 524 518  0.279844   4959/5000    NonOverlappingTemplate
490 517 526 488 476 532 497 491 481 502  0.686129   4948/5000    NonOverlappingTemplate
507 487 482 517 513 482 525 529 467 491  0.542228   4949/5000    NonOverlappingTemplate
494 491 508 496 460 505 501 539 523 483  0.501853   4947/5000    NonOverlappingTemplate
482 497 491 498 477 519 502 530 491 513  0.840882   4949/5000    NonOverlappingTemplate
473 505 485 502 482 506 482 548 523 494  0.430655   4947/5000    NonOverlappingTemplate
492 508 501 468 489 575 507 469 470 521  0.029796   4949/5000    NonOverlappingTemplate
511 470 499 539 482 506 514 485 492 502  0.659597   4945/5000    NonOverlappingTemplate
498 501 466 500 517 503 517 550 477 471  0.259879   4943/5000    NonOverlappingTemplate
495 553 541 519 498 480 487 473 465 489  0.089626   4956/5000    NonOverlappingTemplate
489 511 487 493 476 498 556 515 497 478  0.367919   4933/5000    NonOverlappingTemplate
488 509 512 473 525 496 527 493 524 453  0.303832   4941/5000    NonOverlappingTemplate
462 490 461 510 532 528 483 533 516 485  0.134789   4948/5000    NonOverlappingTemplate
501 494 487 491 480 466 505 530 538 508  0.479612   4945/5000    NonOverlappingTemplate
524 504 530 480 478 493 493 502 517 479  0.697669   4932/5000    NonOverlappingTemplate
499 482 511 516 475 510 497 499 502 509  0.962525   4946/5000    NonOverlappingTemplate
496 498 508 485 496 497 462 504 508 546  0.539395   4938/5000    NonOverlappingTemplate
546 487 479 474 484 473 511 503 516 527  0.275435   4947/5000    NonOverlappingTemplate
472 494 493 504 520 509 524 500 492 492  0.901959   4945/5000    NonOverlappingTemplate
459 516 488 522 511 500 497 505 517 485  0.692318   4944/5000    NonOverlappingTemplate
474 498 500 479 494 499 525 510 510 511  0.897197   4952/5000    NonOverlappingTemplate
497 508 475 522 485 483 498 542 498 492  0.630456   4950/5000    NonOverlappingTemplate
499 472 528 513 503 501 478 547 476 483  0.303244   4929/5000    NonOverlappingTemplate
467 517 495 517 493 495 504 541 500 471  0.474217   4948/5000    NonOverlappingTemplate
508 455 489 488 500 520 552 486 515 487  0.207951   4940/5000    NonOverlappingTemplate
512 464 491 525 522 518 533 458 488 489  0.205312   4941/5000    NonOverlappingTemplate
471 494 494 502 525 465 532 493 494 530  0.387954   4950/5000    NonOverlappingTemplate
509 467 459 515 529 514 518 514 484 491  0.355364   4954/5000    NonOverlappingTemplate
501 483 467 495 517 546 478 513 516 484  0.354711   4926/5000 *  NonOverlappingTemplate
483 526 534 462 512 496 480 504 493 510  0.476911   4936/5000    NonOverlappingTemplate
475 488 465 495 495 487 522 499 531 543  0.274614   4949/5000    NonOverlappingTemplate
519 500 469 490 505 491 504 508 518 496  0.918123   4947/5000    NonOverlappingTemplate
488 484 490 495 514 494 515 511 497 512  0.980559   4944/5000    NonOverlappingTemplate
491 511 494 506 509 509 518 476 502 484  0.956194   4942/5000    NonOverlappingTemplate
502 475 533 501 486 478 489 516 506 514  0.738316   4949/5000    NonOverlappingTemplate
501 511 522 470 477 495 525 501 493 505  0.786830   4939/5000    NonOverlappingTemplate
491 498 503 489 503 499 517 494 479 527  0.944274   4940/5000    NonOverlappingTemplate
521 500 495 470 492 497 519 520 500 486  0.852050   4934/5000    NonOverlappingTemplate
526 503 450 490 504 493 504 488 527 515  0.443947   4956/5000    NonOverlappingTemplate
471 484 497 458 517 529 493 482 546 523  0.121050   4957/5000    NonOverlappingTemplate
498 510 471 498 506 531 484 503 515 484  0.799632   4949/5000    NonOverlappingTemplate
494 525 493 508 531 500 507 489 453 500  0.511343   4945/5000    NonOverlappingTemplate
513 529 497 473 479 482 501 515 500 511  0.767582   4946/5000    NonOverlappingTemplate
504 512 489 533 519 511 463 502 467 500  0.472297   4942/5000    NonOverlappingTemplate
510 497 511 503 498 507 519 497 487 471  0.949083   4946/5000    NonOverlappingTemplate
505 472 472 533 497 494 498 487 523 519  0.576961   4950/5000    NonOverlappingTemplate
497 476 512 528 516 515 484 523 489 460  0.437274   4934/5000    NonOverlappingTemplate
493 521 517 500 480 537 502 468 482 500  0.554420   4945/5000    NonOverlappingTemplate
525 465 510 495 486 528 478 480 496 537  0.315448   4928/5000    NonOverlappingTemplate
484 494 447 484 492 494 535 536 512 522  0.153246   4940/5000    NonOverlappingTemplate
501 530 526 499 512 487 510 514 471 450  0.271890   4937/5000    NonOverlappingTemplate
559 490 456 487 501 491 501 497 526 492  0.160984   4941/5000    NonOverlappingTemplate
524 498 467 515 502 496 515 492 477 514  0.754239   4927/5000 *  NonOverlappingTemplate
527 490 520 456 471 498 502 537 526 473  0.138227   4933/5000    NonOverlappingTemplate
476 475 495 463 532 497 537 527 496 502  0.243485   4945/5000    NonOverlappingTemplate
523 481 518 490 528 491 489 512 499 469  0.656686   4936/5000    NonOverlappingTemplate
471 479 494 491 495 519 511 542 480 518  0.457069   4945/5000    NonOverlappingTemplate
532 491 456 488 475 518 530 482 527 501  0.203568   4945/5000    NonOverlappingTemplate
507 477 487 501 495 478 519 510 525 501  0.860614   4944/5000    NonOverlappingTemplate
486 526 522 494 495 506 489 480 483 519  0.812176   4953/5000    NonOverlappingTemplate
481 478 504 520 520 480 502 531 498 486  0.693965   4951/5000    NonOverlappingTemplate
488 484 457 557 542 493 491 503 484 501  0.082614   4937/5000    NonOverlappingTemplate
464 469 485 503 503 541 545 499 499 492  0.184348   4952/5000    NonOverlappingTemplate
498 512 473 543 463 474 518 518 504 497  0.283464   4942/5000    NonOverlappingTemplate
485 491 538 474 490 490 495 507 519 511  0.703007   4952/5000    NonOverlappingTemplate
512 511 486 497 483 523 489 519 492 488  0.914285   4945/5000    NonOverlappingTemplate
481 474 439 491 482 509 533 536 530 525  0.031764   4944/5000    NonOverlappingTemplate
496 501 489 509 516 497 490 518 479 505  0.973454   4947/5000    NonOverlappingTemplate
503 518 492 495 529 496 492 512 467 496  0.817983   4936/5000    OverlappingTemplate
5000   0   0   0   0   0   0   0   0   0  0.000000 *    0/5000 *  Universal
622 586 541 508 475 496 504 478 430 360  0.000000 * 4928/5000    ApproximateEntropy
 50  57  58  50  63  56  49  52  62  55  0.909003    546/552     RandomExcursions
 58  57  55  56  66  51  45  56  63  45  0.578646    546/552     RandomExcursions
 59  59  56  46  63  57  51  46  53  62  0.736273    543/552     RandomExcursions
 66  59  67  48  44  50  51  57  59  51  0.383827    546/552     RandomExcursions
 52  60  60  64  54  57  57  52  42  54  0.743552    547/552     RandomExcursions
 54  57  60  48  55  49  54  65  61  49  0.813236    549/552     RandomExcursions
 55  47  53  63  54  67  52  55  51  55  0.789589    548/552     RandomExcursions
 46  52  48  50  58  73  70  45  47  63  0.044612    547/552     RandomExcursions
 47  65  52  56  58  51  55  49  64  59  0.736273    552/556     RandomExcursionsVariant
 46  63  53  67  51  49  57  45  71  54  0.170152    554/556     RandomExcursionsVariant
 60  51  49  55  56  61  62  46  60  56  0.842160    555/556     RandomExcursionsVariant
 53  56  51  52  64  51  69  48  68  44  0.211267    554/556     RandomExcursionsVariant
 47  56  57  52  75  49  47  48  60  65  0.134452    553/556     RandomExcursionsVariant
 55  36  60  69  52  55  59  71  44  55  0.036460    554/556     RandomExcursionsVariant
 53  47  51  74  61  51  53  53  48  65  0.219529    554/556     RandomExcursionsVariant
 52  50  54  59  65  71  52  55  52  46  0.419021    551/556     RandomExcursionsVariant
 49  60  53  61  48  59  55  51  47  73  0.321857    553/556     RandomExcursionsVariant
 64  43  52  50  49  51  51  64  71  61  0.175340    547/556     RandomExcursionsVariant
 55  49  54  65  55  58  46  65  58  51  0.699313    552/556     RandomExcursionsVariant
 48  54  54  65  56  68  62  60  49  40  0.217440    552/556     RandomExcursionsVariant
 48  50  62  55  54  61  51  58  55  62  0.893874    550/556     RandomExcursionsVariant
 47  57  54  63  47  57  53  60  52  66  0.684327    554/556     RandomExcursionsVariant
 52  45  63  68  60  64  47  51  41  65  0.091437    556/556     RandomExcursionsVariant
 49  56  54  68  73  56  44  50  51  55  0.180658    555/556     RandomExcursionsVariant
 49  56  58  65  67  55  61  55  54  36  0.186106    555/556     RandomExcursionsVariant
 50  56  63  60  61  59  61  59  48  39  0.390091    555/556     RandomExcursionsVariant
508 513 501 517 503 486 490 502 495 485  0.988601   4936/5000    Serial
489 558 504 491 483 529 509 513 476 448  0.057437   4945/5000    Serial
483 507 494 474 512 550 519 504 483 474  0.344688   4930/5000    LinearComplexity


- - - - - - - - - - - - - - - - - - - - - - - - - - - - - - - - - - - - - - - - -
The minimum pass rate for each statistical test with the exception of the
random excursion (variant) test is approximately = 4928 for a
sample size = 5000 binary sequences.

The minimum pass rate for the random excursion (variant) test
is approximately = 543 for a sample size = 556 binary sequences.

For further guidelines construct a probability table using the MAPLE program
provided in the addendum section of the documentation.
- - - - - - - - - - - - - - - - - - - - - - - - - - - - - - - - - - - - - - - - -
