------------------------------------------------------------------------------
RESULTS FOR THE UNIFORMITY OF P-VALUES AND THE PROPORTION OF PASSING SEQUENCES
------------------------------------------------------------------------------
   generator is </mnt/d/rand_qrng_hdwr.bin>
------------------------------------------------------------------------------
 C1  C2  C3  C4  C5  C6  C7  C8  C9 C10  P-VALUE  PROPORTION  STATISTICAL TEST
------------------------------------------------------------------------------
489 456 479 501 558 531 533 460 531 462  0.004568   4947/5000    Frequency
503 481 509 489 482 500 529 492 530 485  0.754635   4955/5000    BlockFrequency
491 469 469 488 495 525 479 535 546 503  0.154803   4946/5000    CumulativeSums
480 490 457 480 509 521 521 531 527 484  0.254669   4949/5000    CumulativeSums
497 512 544 495 513 495 459 532 486 467  0.181755   4952/5000    Runs
530 496 486 486 470 496 509 527 501 499  0.732691   4948/5000    LongestRun
463 615 469 475 536 479 557 437 514 455  0.000000 * 4951/5000    Rank
558 501 528 443 513 493 500 513 439 512  0.005557   4934/5000    FFT
476 506 495 493 490 504 470 522 515 529  0.688606   4956/5000    NonOverlappingTemplate
502 473 512 517 461 474 521 534 502 504  0.353733   4944/5000    NonOverlappingTemplate
486 497 528 505 508 469 520 519 495 473  0.625876   4951/5000    NonOverlappingTemplate
530 503 484 492 472 480 496 516 495 532  0.588514   4952/5000    NonOverlappingTemplate
483 474 487 484 504 526 484 547 482 529  0.247761   4948/5000    NonOverlappingTemplate
462 496 495 516 495 465 543 541 487 500  0.146152   4956/5000    NonOverlappingTemplate
468 462 464 540 503 536 501 516 492 518  0.101674   4945/5000    NonOverlappingTemplate
491 509 450 525 493 505 491 496 522 518  0.481545   4943/5000    NonOverlappingTemplate
503 477 472 516 504 492 529 478 513 516  0.656270   4939/5000    NonOverlappingTemplate
474 509 513 520 486 498 494 501 512 493  0.940507   4953/5000    NonOverlappingTemplate
494 499 447 486 510 509 510 534 507 504  0.429191   4943/5000    NonOverlappingTemplate
490 473 479 493 521 520 490 548 505 481  0.358641   4946/5000    NonOverlappingTemplate
456 491 505 500 468 521 519 503 539 498  0.289383   4945/5000    NonOverlappingTemplate
457 464 488 507 546 517 560 459 494 508  0.008125   4947/5000    NonOverlappingTemplate
435 484 527 501 522 507 475 586 493 470  0.000549   4964/5000    NonOverlappingTemplate
468 505 471 531 505 455 531 502 560 472  0.015065   4946/5000    NonOverlappingTemplate
483 514 453 514 529 482 522 525 523 455  0.079635   4948/5000    NonOverlappingTemplate
512 438 501 467 491 526 515 505 536 509  0.093045   4957/5000    NonOverlappingTemplate
507 477 478 501 509 500 480 529 501 518  0.796268   4942/5000    NonOverlappingTemplate
523 477 484 547 501 477 500 496 496 499  0.516910   4935/5000    NonOverlappingTemplate
490 505 512 490 516 482 478 493 528 506  0.867373   4944/5000    NonOverlappingTemplate
516 478 482 452 514 552 491 519 513 483  0.110865   4957/5000    NonOverlappingTemplate
505 508 486 466 491 509 504 476 569 486  0.111915   4951/5000    NonOverlappingTemplate
482 507 498 509 509 507 492 495 535 466  0.728255   4936/5000    NonOverlappingTemplate
482 498 510 494 520 567 455 462 495 517  0.032146   4949/5000    NonOverlappingTemplate
473 483 482 478 474 521 523 507 520 539  0.283744   4951/5000    NonOverlappingTemplate
467 507 453 494 530 521 483 519 513 513  0.247761   4944/5000    NonOverlappingTemplate
484 517 502 488 505 471 504 493 523 513  0.864173   4953/5000    NonOverlappingTemplate
502 482 509 486 491 523 532 527 487 461  0.408631   4935/5000    NonOverlappingTemplate
479 526 491 496 505 507 486 516 499 495  0.939436   4944/5000    NonOverlappingTemplate
463 495 518 488 484 533 502 519 491 507  0.595134   4949/5000    NonOverlappingTemplate
527 466 499 498 462 480 541 495 521 511  0.213084   4946/5000    NonOverlappingTemplate
490 505 470 520 528 476 503 507 520 481  0.615473   4934/5000    NonOverlappingTemplate
504 496 518 494 513 461 490 512 515 497  0.823725   4941/5000    NonOverlappingTemplate
515 482 526 495 538 464 458 522 507 493  0.178018   4937/5000    NonOverlappingTemplate
504 491 502 468 520 504 520 481 519 491  0.789864   4935/5000    NonOverlappingTemplate
555 472 522 475 477 457 481 525 532 504  0.028396   4929/5000    NonOverlappingTemplate
517 532 506 475 520 471 499 480 513 487  0.543444   4937/5000    NonOverlappingTemplate
472 477 477 499 527 501 528 490 503 526  0.505799   4950/5000    NonOverlappingTemplate
480 468 495 513 509 503 507 513 534 478  0.623378   4942/5000    NonOverlappingTemplate
496 480 447 491 543 524 515 530 491 483  0.107131   4949/5000    NonOverlappingTemplate
453 501 507 510 493 484 476 532 516 528  0.303538   4942/5000    NonOverlappingTemplate
521 461 514 491 528 508 494 525 474 484  0.404728   4954/5000    NonOverlappingTemplate
510 483 507 542 502 454 538 475 496 493  0.166629   4939/5000    NonOverlappingTemplate
504 469 541 539 510 493 495 486 479 484  0.312141   4956/5000    NonOverlappingTemplate
499 505 496 472 479 532 478 511 489 539  0.430289   4943/5000    NonOverlappingTemplate
530 475 458 503 511 522 458 486 553 504  0.043143   4949/5000    NonOverlappingTemplate
492 521 483 463 500 471 504 565 503 498  0.105118   4939/5000    NonOverlappingTemplate
520 493 493 457 519 521 489 486 530 492  0.450297   4949/5000    NonOverlappingTemplate
487 509 456 531 538 531 478 532 479 459  0.031178   4960/5000    NonOverlappingTemplate
490 500 501 485 445 486 532 581 494 486  0.006837   4940/5000    NonOverlappingTemplate
485 531 523 490 495 501 490 506 486 493  0.879840   4944/5000    NonOverlappingTemplate
499 503 498 520 485 494 472 504 533 492  0.811445   4949/5000    NonOverlappingTemplate
507 523 473 475 490 493 534 500 467 538  0.240501   4934/5000    NonOverlappingTemplate
506 482 505 537 449 494 514 522 490 501  0.323361   4941/5000    NonOverlappingTemplate
525 470 492 520 504 491 487 451 507 553  0.090170   4942/5000    NonOverlappingTemplate
458 501 477 497 538 504 480 524 492 529  0.256483   4957/5000    NonOverlappingTemplate
512 513 480 497 498 493 494 517 496 500  0.987245   4950/5000    NonOverlappingTemplate
502 549 511 490 493 519 520 502 448 466  0.102526   4948/5000    NonOverlappingTemplate
518 472 498 510 479 523 532 472 493 503  0.524501   4939/5000    NonOverlappingTemplate
527 465 506 551 483 493 496 479 503 497  0.289100   4946/5000    NonOverlappingTemplate
489 510 501 487 518 505 516 537 473 464  0.457825   4936/5000    NonOverlappingTemplate
512 535 496 480 484 516 469 517 476 515  0.465796   4929/5000    NonOverlappingTemplate
525 454 532 489 487 474 547 500 494 498  0.123755   4948/5000    NonOverlappingTemplate
497 484 539 483 505 539 471 459 510 513  0.170733   4946/5000    NonOverlappingTemplate
488 474 466 485 504 518 518 553 521 473  0.133865   4937/5000    NonOverlappingTemplate
495 492 509 505 539 487 514 494 495 470  0.731483   4956/5000    NonOverlappingTemplate
473 561 517 479 484 489 519 513 472 493  0.128132   4946/5000    NonOverlappingTemplate
477 460 506 521 500 521 501 517 490 507  0.640035   4953/5000    NonOverlappingTemplate
492 487 491 488 541 518 496 470 500 517  0.602181   4947/5000    NonOverlappingTemplate
525 492 509 497 488 475 499 491 518 506  0.912724   4941/5000    NonOverlappingTemplate
495 504 508 504 491 507 474 524 490 503  0.954748   4947/5000    NonOverlappingTemplate
475 515 495 507 464 523 518 486 503 514  0.642533   4946/5000    NonOverlappingTemplate
478 496 523 476 528 501 496 535 464 503  0.360947   4944/5000    NonOverlappingTemplate
478 504 495 492 494 495 469 526 522 525  0.658765   4955/5000    NonOverlappingTemplate
476 518 492 477 512 527 517 514 463 504  0.487366   4947/5000    NonOverlappingTemplate
508 472 545 471 533 500 463 557 501 450  0.004555   4954/5000    NonOverlappingTemplate
496 484 529 501 490 504 509 507 495 485  0.954930   4954/5000    NonOverlappingTemplate
466 485 484 517 497 518 522 539 483 489  0.405790   4941/5000    NonOverlappingTemplate
479 503 469 479 493 520 528 504 525 500  0.590168   4945/5000    NonOverlappingTemplate
481 510 451 494 499 508 510 519 511 517  0.567919   4943/5000    NonOverlappingTemplate
497 460 518 498 536 513 484 484 519 491  0.464273   4957/5000    NonOverlappingTemplate
498 529 494 510 495 526 459 494 511 484  0.579845   4951/5000    NonOverlappingTemplate
462 525 512 519 507 540 485 473 484 493  0.278185   4949/5000    NonOverlappingTemplate
506 489 503 530 465 493 493 531 502 488  0.637536   4949/5000    NonOverlappingTemplate
491 492 496 465 501 499 514 542 515 485  0.575315   4935/5000    NonOverlappingTemplate
461 511 496 501 511 496 495 526 494 509  0.813997   4944/5000    NonOverlappingTemplate
515 476 520 494 489 491 507 507 493 508  0.951205   4936/5000    NonOverlappingTemplate
524 467 488 476 500 525 482 566 498 474  0.052947   4943/5000    NonOverlappingTemplate
539 523 512 495 499 506 482 485 496 463  0.496351   4924/5000 *  NonOverlappingTemplate
453 488 509 517 491 526 480 484 536 516  0.250814   4947/5000    NonOverlappingTemplate
488 499 509 506 516 481 508 479 545 469  0.461612   4946/5000    NonOverlappingTemplate
504 468 481 508 499 500 491 530 506 513  0.807044   4931/5000    NonOverlappingTemplate
515 479 474 529 511 530 489 531 492 450  0.133404   4939/5000    NonOverlappingTemplate
478 492 529 503 477 493 494 517 501 516  0.824081   4941/5000    NonOverlappingTemplate
490 494 506 498 504 504 522 493 497 492  0.996081   4948/5000    NonOverlappingTemplate
502 531 510 487 445 510 462 482 544 527  0.040318   4950/5000    NonOverlappingTemplate
504 474 502 520 508 475 480 511 519 507  0.795142   4950/5000    NonOverlappingTemplate
489 495 472 518 489 499 500 520 508 510  0.919131   4949/5000    NonOverlappingTemplate
467 476 492 507 513 505 499 513 517 511  0.825150   4949/5000    NonOverlappingTemplate
490 493 510 524 495 533 483 496 472 504  0.731080   4946/5000    NonOverlappingTemplate
478 466 477 548 514 526 531 487 488 485  0.133865   4944/5000    NonOverlappingTemplate
508 500 499 500 521 500 494 463 535 480  0.629623   4948/5000    NonOverlappingTemplate
490 468 509 499 505 522 538 508 465 496  0.443947   4936/5000    NonOverlappingTemplate
510 480 497 475 490 537 531 499 469 512  0.406499   4938/5000    NonOverlappingTemplate
494 492 501 471 494 483 510 557 505 493  0.402962   4952/5000    NonOverlappingTemplate
500 490 480 501 490 510 490 480 545 514  0.653357   4945/5000    NonOverlappingTemplate
502 505 518 512 508 512 459 493 521 470  0.579845   4938/5000    NonOverlappingTemplate
506 506 500 513 488 516 500 508 473 490  0.961538   4946/5000    NonOverlappingTemplate
502 473 526 472 475 478 498 509 535 532  0.257525   4960/5000    NonOverlappingTemplate
500 473 469 482 550 522 536 506 456 506  0.055291   4952/5000    NonOverlappingTemplate
509 478 475 462 480 506 518 542 517 513  0.260141   4950/5000    NonOverlappingTemplate
492 498 484 509 520 499 490 518 493 497  0.978769   4953/5000    NonOverlappingTemplate
496 504 505 517 527 490 481 488 516 476  0.832211   4943/5000    NonOverlappingTemplate
531 482 499 502 528 498 487 482 490 501  0.803349   4939/5000    NonOverlappingTemplate
500 493 474 482 490 497 498 549 539 478  0.266502   4947/5000    NonOverlappingTemplate
532 481 514 477 491 479 521 478 477 550  0.154977   4943/5000    NonOverlappingTemplate
524 474 474 506 510 493 488 509 499 523  0.766022   4938/5000    NonOverlappingTemplate
484 464 482 495 494 523 489 522 510 537  0.429923   4951/5000    NonOverlappingTemplate
507 504 488 525 471 500 504 524 494 483  0.817983   4942/5000    NonOverlappingTemplate
482 496 470 491 524 488 529 512 511 497  0.708331   4944/5000    NonOverlappingTemplate
513 505 511 447 537 482 511 473 516 505  0.219236   4950/5000    NonOverlappingTemplate
501 540 497 492 532 458 472 484 491 533  0.147648   4944/5000    NonOverlappingTemplate
499 488 519 485 501 514 523 482 490 499  0.926248   4949/5000    NonOverlappingTemplate
500 475 498 475 511 547 504 477 473 540  0.166444   4940/5000    NonOverlappingTemplate
501 497 482 480 496 484 547 508 490 515  0.615473   4945/5000    NonOverlappingTemplate
544 491 474 498 539 509 478 494 504 469  0.237299   4942/5000    NonOverlappingTemplate
494 526 470 518 498 485 498 492 501 518  0.824081   4946/5000    NonOverlappingTemplate
487 471 492 509 505 495 547 506 478 510  0.527308   4929/5000    NonOverlappingTemplate
470 503 510 527 469 512 492 535 500 482  0.445437   4958/5000    NonOverlappingTemplate
502 496 499 458 529 523 486 523 481 503  0.484646   4935/5000    NonOverlappingTemplate
492 526 484 480 490 510 451 506 527 534  0.222714   4945/5000    NonOverlappingTemplate
499 513 499 483 479 495 517 496 479 540  0.684477   4941/5000    NonOverlappingTemplate
510 485 499 507 509 495 505 531 480 479  0.866417   4960/5000    NonOverlappingTemplate
532 518 462 518 492 510 463 472 515 518  0.215346   4938/5000    NonOverlappingTemplate
539 485 510 469 496 529 441 516 529 486  0.050694   4936/5000    NonOverlappingTemplate
466 513 489 512 501 556 492 499 480 492  0.310646   4950/5000    NonOverlappingTemplate
514 486 491 534 487 463 496 537 520 472  0.244737   4946/5000    NonOverlappingTemplate
453 484 499 499 500 560 501 532 485 487  0.091708   4953/5000    NonOverlappingTemplate
504 457 525 537 458 478 496 513 524 508  0.127246   4930/5000    NonOverlappingTemplate
552 459 527 469 494 496 498 507 522 476  0.106246   4944/5000    NonOverlappingTemplate
508 484 459 515 529 517 504 518 474 492  0.449173   4940/5000    NonOverlappingTemplate
495 505 468 521 477 522 517 459 524 512  0.316354   4954/5000    NonOverlappingTemplate
523 479 497 515 483 521 513 481 521 467  0.535356   4943/5000    NonOverlappingTemplate
485 487 505 520 498 532 513 478 501 481  0.767192   4952/5000    NonOverlappingTemplate
478 489 502 524 489 510 477 508 507 516  0.867055   4950/5000    NonOverlappingTemplate
480 491 516 497 498 489 482 569 485 493  0.188601   4956/5000    NonOverlappingTemplate
477 502 515 474 537 507 485 539 461 503  0.199259   4944/5000    NonOverlappingTemplate
545 473 495 508 491 500 511 503 467 507  0.495959   4948/5000    OverlappingTemplate
5000   0   0   0   0   0   0   0   0   0  0.000000 *    0/5000 *  Universal
663 543 507 510 512 500 487 462 409 407  0.000000 * 4935/5000    ApproximateEntropy
 62  60  54  44  59  70  53  44  60  45  0.187027    541/551     RandomExcursions
 65  66  63  61  47  43  48  53  52  53  0.288378    540/551     RandomExcursions
 61  51  55  58  51  62  44  52  59  58  0.824697    543/551     RandomExcursions
 47  71  43  56  47  52  51  70  54  60  0.101421    548/551     RandomExcursions
 56  53  46  57  61  51  53  64  59  51  0.858895    543/551     RandomExcursions
 59  48  48  51  55  55  56  58  62  59  0.928429    541/551     RandomExcursions
 61  42  47  53  52  66  68  53  63  46  0.157732    542/551     RandomExcursions
 51  45  52  63  65  69  54  44  53  55  0.268305    543/551     RandomExcursions
 52  74  62  57  57  55  38  56  52  54  0.152980    555/557     RandomExcursionsVariant
 40  86  57  69  44  55  53  51  54  48  0.000736    554/557     RandomExcursionsVariant
 55  57  74  45  59  51  55  53  51  57  0.394829    554/557     RandomExcursionsVariant
 58  55  56  61  61  58  54  63  44  47  0.719747    553/557     RandomExcursionsVariant
 52  62  67  42  59  63  57  52  43  60  0.242419    552/557     RandomExcursionsVariant
 62  60  48  61  59  48  55  61  57  46  0.712343    550/557     RandomExcursionsVariant
 60  63  63  51  51  54  63  61  46  45  0.485528    550/557     RandomExcursionsVariant
 60  57  66  62  49  49  49  45  59  61  0.499742    551/557     RandomExcursionsVariant
 53  42  71  62  58  52  64  48  51  56  0.231300    552/557     RandomExcursionsVariant
 67  54  56  54  57  62  52  46  51  58  0.766873    555/557     RandomExcursionsVariant
 45  68  56  58  60  47  49  55  56  63  0.482003    549/557     RandomExcursionsVariant
 55  42  59  60  55  60  51  51  58  66  0.614415    549/557     RandomExcursionsVariant
 53  56  58  41  70  53  59  66  42  59  0.128266    554/557     RandomExcursionsVariant
 58  52  61  52  53  58  54  54  61  54  0.989947    553/557     RandomExcursionsVariant
 55  55  54  64  49  60  58  43  63  56  0.682447    555/557     RandomExcursionsVariant
 52  56  69  47  58  65  49  70  46  45  0.092953    556/557     RandomExcursionsVariant
 48  66  70  54  54  54  58  56  43  54  0.346088    556/557     RandomExcursionsVariant
 47  67  77  52  48  59  57  54  44  52  0.059324    554/557     RandomExcursionsVariant
507 505 477 514 512 476 506 469 484 550  0.308264   4944/5000    Serial
505 516 527 504 508 452 481 480 520 507  0.418300   4948/5000    Serial
494 477 438 503 548 521 560 501 492 466  0.004352   4932/5000    LinearComplexity


- - - - - - - - - - - - - - - - - - - - - - - - - - - - - - - - - - - - - - - - -
The minimum pass rate for each statistical test with the exception of the
random excursion (variant) test is approximately = 4928 for a
sample size = 5000 binary sequences.

The minimum pass rate for the random excursion (variant) test
is approximately = 544 for a sample size = 557 binary sequences.

For further guidelines construct a probability table using the MAPLE program
provided in the addendum section of the documentation.
- - - - - - - - - - - - - - - - - - - - - - - - - - - - - - - - - - - - - - - - -
